93023
93030
93033
93035
93036
93040
93041
93060
93063
93065
93066
93067
93101
93103
93105
93108
93109
93110
93111
93117
93203
93204
93210
93215
93222
93225
93230
93238
93240
93243
93245
93249
93252
93254
93257
93263
93265
93268
93274
93277
93280
93283
93285
93291
93292
93301
93304
93305
93306
93307
93308
93309
93311
93312
93313
93314
93401
93402
93405
93420
93422
93424
93426
93427
93428
93430
93432
93433
93434
93436
93440
93442
93444
93445
93446
93449
93450
93451
93452
93453
93454
93455
93458
93460
93461
93463
93465
93501
93505
93510
93516
93518
93523
93527
93532
93534
93535
93536
93543
93544
93546
93550
93551
93552
93553
93555
93560
93561
93562
93591
93601
93602
93604
93610
93611
93612
93614
93618
93619
93620
93622
93623
93626
93630
93631
93635
93636
93637
93638
93640
93643
93644
93645
93653
93654
93657
93662
93664
93669
93675
93701
93702
93703
93704
93705
93706
93710
93711
93720
93721
93722
93723
93725
93726
93727
93728
93730
93737
93901
93905
93906
93907
93908
93920
93921
93923
93924
93926
93927
93930
93932
93933
93940
93950
93953
93955
93960
93962
94002
94005
94010
94014
94015
94018
94019
94020
94022
94024
94025
94027
94028
94030
94037
94038
94040
94041
94043
94044
94060
94061