zip
90640
90650
90660
90670
90680
90701
90703
90704
90706
90710
90712
90713
90715
90716
90717
90720
90723
90731
90732
90740
90742
90743
90744
90745
90746
90755
90802
90803
90804
90805
90806
90807
90808
90810
90813
90814
90815
91001
91006
91007
91008
91010
91011
91016
91020
91024
91030
91040
91042
91101
91103
91104
91105
91106
91107
91108
91201
91202
91203
91204
91205
91206
91207
91208
91210
91214
91301
91302
91303
91304
91306
91307
91311
91316
91320
91321
91324
91325
91326
91331
91335
91340
91342
91343
91344
91345
91350
91351
91352
91354
91355
91356
91360
91361
91362
91364
91367
91377
91381
91384
91387
91390
91401
91402
91403
91405
91406
91411
91423
91436
91501
91502
91504
91505
91506
91601
91602
91604
91605
91606
91607
91701
91702
91706
91708
91709
91710
91711
91722
91723
91724
91730
91731
91732
91733
91737
91739
91740
91741
91744
91745
91746
91748
91750
91752
91754
91755
91759
91761
91762
91763
91764
91765
91766
91767
91768
91770
91773
91775
91776
91780
91784
91786
91789
91790
91791
91792
91801
91803
91901
91902
91905
91906
91910
91911
91913
91914
91915
91916
91917
91932
91934
91935
91941
91942
91945
91948
91950
91962
91963
91977
91978
91980
92003
92004
92007
92008
92009
92010
92011
92014
92019
92020
92021
92024
92025
92026
92027
92028
92029
92036
92037
92040
92054
92056
92057
92058
92059
92060
92061
92064
92065
92066
92067
92069
92070
92071
92075
92078
92081
92082
92083
92084
92086
92091
92101
92102
92103
92104
92105
92106
92107
92108
92109
92110
92111
92113
92114
92115
92116
92117
92118
92119
92120
92121
92122
92123
92124
92126
92127
92128
92129
92130
92131
92139
92154
92173
92201
92203
92210
92211
92220
92223
92225
92227
92230
92231
92233
92234
92236
92239
92240
92241
92242
92243
92249
92251
92252
92253
92254
92256
92257
92258
92260
92262
92264
92266
92268
92270
92274
92275
92276
92277
92282
92283
92284
92285
92301
92305
92307
92308
92309
92311
92313
92314
92315
92316
92317
92320
92321
92322
92324
92325
92327
92329
92333
92335
92336
92337
92339
92341
92342
92344
92345
92346
92347
92352
92354
92356
92358
92359
92363
92365
92368
92371
92372
92373
92374
92376
92377
92378
92382
92385
92386
92391
92392
92394
92395
92397
92398
92399
92401
92404
92405
92407
92408
92410
92411
92501
92503
92504
92505
92506
92507
92508
92509
92530
92532
92536
92539
92543
92544
92545
92548
92549
92551
92553
92555
92557
92561
92562
92563
92567
92570
92571
92582
92583
92584
92585
92586
92587
92590
92591
92592
92595
92596
92602
92603
92604
92606
92610
92612
92614
92618
92620
92624
92625
92626
92627
92629
92630
92637
92646
92647
92648
92649
92651
92653
92655
92656
92657
92660
92661
92662
92663
92672
92673
92675
92676
92677
92679
92683
92688
92691
92692
92694
92701
92703
92704
92705
92706
92707
92708
92780
92782
92801
92802
92804
92805
92806
92807
92808
92821
92823
92831
92832
92833
92835
92840
92841
92843
92844
92845
92860
92861
92865
92866
92867
92868
92869
92870
92879
92880
92881
92882
92883
92886
92887
93001
93003
93004
93010
93012
93013
93015
93021
93022
93023
93030
93033
93035
93036
93040
93041
93060
93063
93065
93066
93067
93101
93103
93105
93108
93109
93110
93111
93117
93203
93204
93210
93215
93222
93225
93230
93238
93240
93243
93245
93249
93252
93254
93257
93263
93265
93268
93274
93277
93280
93283
93285
93291
93292
93301
93304
93305
93306
93307
93308
93309
93311
93312
93313
93314
93401
93402
93405
93420
93422
93424
93426
93427
93428
93430
93432
93433
93434
93436
93440
93442
93444
93445
93446
93449
93450
93451
93452
93453
93454
93455
93458
93460
93461
93463
93465
93501
93505
93510
93516
93518
93523
93527
93532
93534
93535
93536
93543
93544
93546
93550
93551
93552
93553
93555
93560
93561
93562
93591
93601
93602
93604
93610
93611
93612
93614
93618
93619
93620
93622
93623
93626
93630
93631
93635
93636
93637
93638
93640
93643
93644
93645
93653
93654
93657
93662
93664
93669
93675
93701
93702
93703
93704
93705
93706
93710
93711
93720
93721
93722
93723
93725
93726
93727
93728
93730
93737
93901
93905
93906
93907
93908
93920
93921
93923
93924
93926
93927
93930
93932
93933
93940
93950
93953
93955
93960
93962
94002
94005
94010
94014
94015
94018
94019
94020
94022
94024
94025
94027
94028
94030
94037
94038
94040
94041
94043
94044
94060
94061
94062
94063
94065
94066
94070
94080
94085
94086
94087
94089
94103
94105
94107
94109
94110
94112
94114
94116
94117
94118
94121
94122
94124
94127
94131
94132
94134
94301
94303
94304
94305
94306
94401
94402
94403
94404
94501
94505
94506
94509
94513
94518
94520
94521
94523
94526
94531
94533
94534
94536
94538
94539
94541
94542
94544
94545
94546
94547
94549
94550
94551
94553
94555
94558
94560
94561
94564
94565
94566
94568
94577
94578
94579
94580
94582
94583
94585
94587
94588
94589
94590
94591
94595
94597
94598
94601
94602
94603
94605
94606
94608
94610
94611
94619
94621
94801
94803
94804
94806
95002
95003
95004
95005
95006
95007
95008
95010
95012
95014
95017
95018
95019
95020
95023
95030
95032
95033
95035
95037
95039
95041
95043
95045
95046
95050
95051
95054
95060
95062
95065
95066
95070
95073
95075
95076
95110
95111
95112
95113
95116
95117
95118
95119
95120
95121
95122
95123
95124
95125
95126
95127
95128
95129
95130
95131
95132
95133
95134
95135
95136
95138
95139
95140
95148
95203
95204
95205
95206
95207
95209
95210
95212
95219
95223
95228
95240
95252
95301
95304
95306
95307
95311
95315
95321
95322
95324
95329
95330
95333
95334
95336
95337
95338
95340
95341
95345
95348
95350
95351
95354
95355
95356
95358
95360
95361
95363
95365
95369
95370
95374
95376
95377
95380
95382
95388
95389
95391
95420
95422
95423
95424
95426
95443
95451
95453
95457
95458
95461
95464
95467
95476
95482
95485
95490
95589
95602
95608
95618
95621
95624
95630
95648
95666
95667
95670
95687
95747
95757
95758
95765
95815
95820
95822
95823
95824
95828
95833
95835
95838
95901
95914
95916
95917
95919
95926
95928
95930
95938
95941
95942
95947
95948
95949
95951
95953
95954
95961
95963
95965
95966
95968
95969
95973
95978
95979
95988
95991
95993
96001
96002
96003
96007
96019
96020
96021
96022
96032
96035
96041
96044
96055
96061
96063
96064
96080
96094
96097
96101
96130
96137
96150
