95355
95356
95358
95360
95361
95363
95365
95369
95370
95374
95376
95377
95380
95382
95388
95389
95391
95420
95422
95423
95424
95426
95443
95451
95453
95457
95458
95461
95464
95467
95476
95482
95485
95490
95589
95602
95608
95618
95621
95624
95630
95648
95666
95667
95670
95687
95747
95757
95758
95765
95815
95820
95822
95823
95824
95828
95833
95835
95838
95901
95914
95916
95917
95919
95926
95928
95930
95938
95941
95942
95947
95948
95949
95951
95953
95954
95961
95963
95965
95966
95968
95969
95973
95978
95979
95988
95991
95993
96001
96002
96003
96007
96019
96020
96021
96022
96032
96035
96041
96044
96055
96061
96063
96064
96080
96094
96097
96101
96130
96137
96150