94062
94063
94065
94066
94070
94080
94085
94086
94087
94089
94103
94105
94107
94109
94110
94112
94114
94116
94117
94118
94121
94122
94124
94127
94131
94132
94134
94301
94303
94304
94305
94306
94401
94402
94403
94404
94501
94505
94506
94509
94513
94518
94520
94521
94523
94526
94531
94533
94534
94536
94538
94539
94541
94542
94544
94545
94546
94547
94549
94550
94551
94553
94555
94558
94560
94561
94564
94565
94566
94568
94577
94578
94579
94580
94582
94583
94585
94587
94588
94589
94590
94591
94595
94597
94598
94601
94602
94603
94605
94606
94608
94610
94611
94619
94621
94801
94803
94804
94806
95002
95003
95004
95005
95006
95007
95008
95010
95012
95014
95017
95018
95019
95020
95023
95030
95032
95033
95035
95037
95039
95041
95043
95045
95046
95050
95051
95054
95060
95062
95065
95066
95070
95073
95075
95076
95110
95111
95112
95113
95116
95117
95118
95119
95120
95121
95122
95123
95124
95125
95126
95127
95128
95129
95130
95131
95132
95133
95134
95135
95136
95138
95139
95140
95148
95203
95204
95205
95206
95207
95209
95210
95212
95219
95223
95228
95240
95252
95301
95304
95306
95307
95311
95315
95321
95322
95324
95329
95330
95333
95334
95336
95337
95338
95340
95341
95345
95348
95350
95351
95354