92078
92081
92082
92083
92084
92086
92091
92101
92102
92103
92104
92105
92106
92107
92108
92109
92110
92111
92113
92114
92115
92116
92117
92118
92119
92120
92121
92122
92123
92124
92126
92127
92128
92129
92130
92131
92139
92154
92173
92201
92203
92210
92211
92220
92223
92225
92227
92230
92231
92233
92234
92236
92239
92240
92241
92242
92243
92249
92251
92252
92253
92254
92256
92257
92258
92260
92262
92264
92266
92268
92270
92274
92275
92276
92277
92282
92283
92284
92285
92301
92305
92307
92308
92309
92311
92313
92314
92315
92316
92317
92320
92321
92322
92324
92325
92327
92329
92333
92335
92336
92337
92339
92341
92342
92344
92345
92346
92347
92352
92354
92356
92358
92359
92363
92365
92368
92371
92372
92373
92374
92376
92377
92378
92382
92385
92386
92391
92392
92394
92395
92397
92398
92399
92401
92404
92405
92407
92408
92410
92411
92501
92503
92504
92505
92506
92507
92508
92509
92530
92532
92536
92539
92543
92544
92545
92548
92549
92551
92553
92555
92557
92561
92562
92563
92567
92570
92571
92582
92583
92584
92585
92586
92587
92590
92591
92592
92595
92596
92602
92603
92604
92606
92610
92612
92614
92618
92620
92624
92625
92626
92627
92629
92630
92637
92646
92647
92648
92649
92651
92653
92655
92656
92657
92660
92661
92662
92663
92672
92673
92675
92676
92677
92679
92683
92688
92691
92692
92694
92701
92703
92704
92705
92706
92707
92708
92780
92782
92801
92802
92804
92805
92806
92807
92808
92821
92823
92831
92832
92833
92835
92840
92841
92843
92844
92845
92860
92861
92865
92866
92867
92868
92869
92870
92879
92880
92881
92882
92883
92886
92887
93001
93003
93004
93010
93012
93013
93015
93021
93022